[MISSION]
QGC WPL 110
0	0	0	16	0	0	0	0	-35.363262	149.165237	584.080017	1
1	1	3	22	0	0	0	0	-35.363262	149.165237	43.776874061	1
2	0	3	19	0	0	0	0	-35.3632937714	149.16509235	30.4509888547	1
3	0	3	19	0	0	0	0	-35.3633406749	149.165222958	33.3352815782	1
4	0	3	19	0	0	0	0	-35.3633492649	149.165390483	34.734759867	1
5	0	3	19	0	0	0	0	-35.3630688858	149.16542313	46.0866380176	1
6	0	3	21	0	0	0	0	-35.3630688858	149.16542313	0	1

[INPUTS]
[['log_id', '20200520_101229_g0_s1', 'tunnel', '0 0 0 0', 'timeout', 0, 'battcap', 0, 'nums', 3, 3, 10], ['static', 'false', 'mass', '36.0', 'ixx', '28.0', 'iyy', '10.0', 'izz', '15.0', 'size', '3 3 10'], ['windGustDirection', '164.0 6.0 81.0', 'windGustDuration', '6.0', 'windGustDuration', '6.0', 'magnetic_field', '6e-06 2.3e-05 -4.2e-05', 'temperature', '298.15', 'pressure', '101325.29', 'temperature_gradient', '-0.0066']]
[OUTPUT]
(5, [9.6103, 1.8497, 1.239], [3.7014, 9.8052, 0.3639])
